0000 (1)
x000
0000
0000
0000
0000
0000
0000

0000
0000
0000
0000
0000
0000
0000
0000

0000 (3)
x000
0000
0000
0000
0000
0000
0000

0000
0000
0000
0000
0000
0000
0000
0000

0000 (5)
x000
0000
0000
0000
0000
0000
0000

0000
0000
0000
0000
0000
0000
0000
0000

0000
x000
0000
0000
0000
0000
0000
0000

0000
0000
0000
0000
0000
0000
0000
0000

0000
x000
0000
0000
0000
0000
0000
0000

0000 (10)
0000
0000
0000
0000
0000
0000
0000

0000
x000
0000
0000
0000
0000
0000
0000

0000
0000
0000
0000
0000
0000
0000
0000

0000
x000
0000
0000
0000
0000
0000
0000

0000
0000
0000
x000
0000
0000
0000
0000

x000 (15)
0000
0000
0000
0000
0000
0000
0000

x000
0000
0000
0000
0000
0000
0000
0000

x000
0000
0000
0000
x000
0000
0000
0000

0000
0000
0000
0000
0000
0000
0000
0000

x000
0000
0000
0000
x000
0000
0000
0000

0000 (20)
0000
0000
0000
0000
0000
0000
0000

x000
0000
0000
0000
x000
0000
0000
0000

0000
0000
0000
0000
0000
0000
0000
0000

x000
0000
0000
0000
x000
0000
0000
0000

0000
0000
0000
0000
0000
0000
0000
0000

x000 (25)
0000
0000
0000
x000
0000
0000
0000

0000
0000
0000
0000
0000
0000
0000
0000

x000
0000
0000
0000
x000
0000
0000
0000

x000
0000
0000
0000
0000
0000
0000
0000

x000
0000
0000
0000
0000
0000
x000
0000

x000 (30)
0000
0000
0000
0000
0000
0000
0000

0000
0000
0000
0000
0000
0000
0000
0000

x000
0000
0000
0000
0000
0000
0000
0000

x000
0000
0000
0000
0000
0000
x000
0000

x000
0000
0000
0000
0000
0000
x000
0000

x000 (35)
0000
0000
0000
0000
0000
0000
0000

0000
0000
0000
0000
x000
0000
x000
0000

x000
0000
0000
0000
0000
0000
x000
0000

0000
0000
0000
0000
0000
0000
0000
0000

0000
0000
0000
0000
0000
0000
0000
0000

x000 (40)
0000
0000
0000
0000
0000
0000
0000

x000
0000
0000
0000
0000
0000
0000
0000

x000
0000
0000
0000
x000
0000
0000
0000

0000
0000
0000
0000
0000
0000
0000
0000

x000
0000
0000
0000
0000
0000
0000
0000

x000 (45)
0000
0000
0000
0000
0000
0000
0000

x000
0000
0000
0000
0000
0000
0000
0000

x000
0000
0000
0000
0000
0000
0000
0000

x000
0000
0000
0000
x000
0000
0000
0000

x000
0000
0000
0000
x000
0000
0000
0000

x000 (50)
0000
0000
0000
x000
0000
0000
0000

x000
0000
0000
0000
x000
0000
0000
0000

x000
0000
0000
0000
x000
0000
0000
0000

x000
0000
0000
0000
0000
0000
x000
0000

x000
0000
0000
0000
0000
0000
0000
0000

x000 (55)
0000
0000
0000
0000
0000
0000
0000

x000
0000
0000
0000
0000
0000
0000
0000

x000
0000
0000
0000
x000
0000
0000
0000

x000
0000
0000
0000
0000
0000
0000
0000

x000
0000
0000
0000
0000
0000
0000
0000

0000 (60)
0000
0000
0000
0000
0000
0000
0000

x000
0000
0000
0000
0000
0000
x000
0000

x000
0000
0000
0000
0000
0000
0000
0000

x000
0000
0000
0000
x000
0000
0000
0000

x000
0000
0000
0000
0000
0000
0000
0000

x000 (65)
0000
0000
0000
x000
0000
0000
0000

x000
0000
0000
0000
0000
0000
0000
0000

x000
0000
0000
0000
x000
0000
0000
0000

x000
0000
0000
0000
0000
0000
0000
0000

x000
0000
0000
0000
x000
0000
0000
0000

x000 (70)
0000
0000
0000
0000
0000
0000
0000

0000
0000
0000
0000
0000
0000
0000
0000

0000 (72)
0000
0000
0000
0000
0000
0000
0000