0000
0000
0000
0000
0000
0000
0000
0000

0000
0000
0000
0000
0000
0000
0000
0000

0000 (3)
0000
0000
0000
0000
0000
0000
0000

0000
0000
0000
0000
0000
0000
0000
0000

x000 (5)
0000
0000
0000
0000
0000
0000
0000

0000
0000
0000
0000
0000
0000
0000
0000

0000
0000
0000
0000
0000
0000
0000
0000

0000
0000
0000
0000
0000
0000
0000
0000

0000
0000
0000
0000
0X00
0000
0000
0000

x000 (10)
0000
0000
0000
0000
0x00
0000
0000

x000
0000
0000
0000
0x00
0000
0000
0000

x000
0000
0000
0000
0x00
0000
0000
0000

x000
0000
0000
000x
0000
0000
0000
0000

0000
0000
0000
0x00
00x0
0000
0x00
0000

x000 (15)
0000
0000
000x
0000
0000
0000
0000

x000
0000
0000
0000
0000
0000
0000
0000

x000
0000
0000
000x
0000
0000
0000
0000

x000
0000
0000
000x
00x0
0000
x000
0000

x000
0000
0000
000x
0000
0000
0000
0000

x000 (20)
0000
0000
0000
0000
0000
0000
0000

x000
0000
0000
000x
0000
0000
0000
0000

x000
0000
0000
000x
00x0
0000
x000
0000

x000
0000
0000
000x
0000
0000
0000
0000

x000
0000
0000
0000
0000
0000
0000
0000

x000 (25)
0000
0000
000x
0000
0000
0000
0000

x000
0000
0000
000x
00x0
0000
x000
0000

x000
0000
0000
000x
0000
0000
0000
0000

0x00
0000
0x00
0000
0x00
0000
0x00
0000

00x0
0000
0000
0000
00x0
0000
0000
0000

000x (30)
0000
0000
0000
000x
0000
0000
0000

x000
0000
0000
000x
0000
0000
0000
0000

x000
0000
0000
000x
00x0
0000
x000
0000

x000
0000
0000
000x
0000
0000
0000
0000

x000
0000
0000
000x
00x0
0000
x000
0000

0x00 (35)
0000
0000
000x
0000
0000
0x00
0000

0x00
0000
0000
0x00
0000
0000
0x00
0000

x000
0000
0000
000x
0000
0000
0000
0000

x000
0000
0000
000x
0000
0000
0000
0000

x000
0000
0000
000x
0000
0000
0000
x000

x000 (40)
0000
0000
000x
0000
x000
0000
0000

x000
0000
0000
000x
0000
0000
0000
x000

x000
0000
0000
000x
0000
0000
0000
0000

x000
0000
0000
0000
0x00
0000
0000
0000

0000
0000
0000
0000
0000
0000
0000
0000

0x00 (45)
0000
0000
x000
x000
0000
0000
x000

x000
0000
0000
000x
0000
0000
000x
0000

x000
0000
0000
000x
0000
0000
0000
0000

0000
000x
00x0
0000
0000
0000
000x
0000

0000
0000
000x
00x0
0000
0000
0000
0000

0000 (50)
0000
000x
00x0
0000
00x0
000x
0000

0x00
0000
0000
0000
x000
0000
0000
0000

0x00
0000
0000
x000
0000
0000
0000
0000

x000
0000
0000
000x
0000
0000
00x0
0x00

0000
0000
0000
x000
0000
000x
0000
0000

x000 (55)
0000
0000
000x
0000
0000
0000
0000

0x00
0000
0000
0000
0x00
0000
0000
0000

x000
0000
0000
000x
0000
0000
0000
0000

0000
0000
x000
000x
0000
0000
x000
0000

x000
0000
0000
000x
0000
0000
0000
00x0

00x0 (60)
0000
0000
0000
00x0
0000
0000
0000

x000
0000
0000
x000
0000
0000
0000
00x0

000x
0000
0000
x000
000x
0000
x000
0000

x000
0000
0000
000x
0000
0000
0000
000x

000x
0000
0000
0000
000x
0000
0000
0000

000x (65)
0000
0000
0x00
0000
0000
0000
000x

000x
0000
0000
x000
0x00
0000
0x00
0000

x000
0000
0000
000x
0000
0000
0000
0x00

0x00
0x00
0000
0000
0000
0000
0000
0000

x000
0000
0000
0000
0000
000x
0000
0000

x000 (70)
0000
0000
0000
0000
0000
0000
0000

0000
0000
0000
0000
0000
0000
0000
0000

0000 (72)
0000
0000
0000
0000
0000
0000
0000

